0.344303
8.758767
4.193196
1.486234
0.560407
0.670646
0.613175
0.247447
0.668978
0.898979
1.486924
0.235812
0.366240
0.386726
0.181917
0.218852
0.246661
0.216738
0.183261
0.147793
0.144646
0.143828
0.125783
0.108418
0.116725
0.107381
0.074234
0.083253
0.098526
0.072676
0.049025
0.055089
0.065854
0.056496
0.040557
0.043617
0.051287
0.043392
0.035387
0.037504
0.036846
0.030386
0.028135
0.032417
0.034062
0.027527
0.021805
0.024220
0.027383
0.025425
0.023086
0.023026
0.022241
0.020475
0.020386
0.021652
0.021097
0.018675
0.017951
0.019171
0.019290
0.018282
0.017906
0.017759
0.017225
0.016963
0.017118
0.016993
0.016469
0.016214
0.016216
0.015876
0.015575
0.015721
0.015645
0.015195
0.014973
0.014955
0.014818
0.014682
0.014643
0.014460
0.014173
0.014118
0.014127
0.013930
0.013752
0.013692
0.013580
0.013447
0.013375
0.013284
0.013142
0.013042
0.012963
0.012846
0.012760
0.012689
0.012571
0.012465
0.012392
0.012310
0.012218
0.012133
0.012037
0.011948
0.011880
0.011795
0.011703
0.011627
0.011547
0.011463
0.011388
0.011312
0.011229
0.011155
0.011080
0.011003
0.010932
0.010857
0.010781
0.010710
0.010640
0.010567
0.010497
0.010427
0.010357
0.010289
0.010221
0.010152
0.010086
0.010019
0.009953
0.009888
0.009823
0.009758
0.009694
0.009631
0.009568
0.009506
0.009443
0.009382
0.009322
0.009261
0.009201
0.009141
0.009082
0.009024
0.008966
0.008908
0.008851
0.008794
0.008738
0.008682
0.008627
0.008572
0.008518
0.008463
0.008410
0.008357
0.008304
0.008252
0.008200
0.008148
0.008097
0.008047
0.007996
0.007946
0.007897
0.007848
0.007799
0.007751
0.007703
0.007656
0.007609
0.007562
0.007516
0.007470
0.007425
0.007380
0.007335
0.007290
0.007246
0.007203
0.007159
0.007116
0.007074
0.007032
0.006990
0.006948
0.006907
0.006866
0.006826
0.006785
0.006745
0.006706
0.006667
0.006628
0.006589
0.006551
0.006513
0.006475
0.006438
0.006401
0.006364
0.006328
0.006292
0.006256
0.006220
0.006185
0.006150
0.006115
0.006081
0.006047
0.006013
0.005979
0.005946
0.005913
0.005880
0.005847
0.005815
0.005783
0.005751
0.005719
0.005688
0.005657
0.005626
0.005596
0.005565
0.005535
0.005505
0.005475
0.005446
0.005417
0.005388
0.005359
0.005330
0.005302
0.005274
0.005246
0.005218
0.005191
0.005164
0.005136
0.005110
0.005083
0.005056
0.005030
0.005004
0.004978
0.004952
0.004927
0.004901
0.004876
0.004851
0.004826
0.004802
0.004777
0.004753
0.004729
0.004705
0.004681
0.004658
0.004634
0.004611
0.004588
0.004565
0.004542
0.004520
0.004497
0.004475
0.004453
0.004431
0.004409
0.004388
0.004366
0.004345
0.004324
0.004303
0.004282
0.004261
0.004240
0.004220
0.004200
0.004180
0.004160
0.004140
0.004120
0.004100
0.004081
0.004061
0.004042
0.004023
0.004004
0.003985
0.003967
0.003948
0.003930
0.003911
0.003893
0.003875
0.003857
0.003839
0.003822
0.003804
0.003787
0.003769
0.003752
0.003735
0.003718
0.003701
0.003684
0.003667
0.003651
0.003634
0.003618
0.003602
0.003586
0.003570
0.003554
0.003538
0.003522
0.003506
0.003491
0.003475
0.003460
0.003445
0.003430
0.003415
0.003400
0.003385
0.003370
0.003355
0.003341
0.003326
0.003312
0.003298
0.003285
0.003273
0.003267
0.003277
0.003335
0.003547
0.004242
0.006522
0.013752
0.036671
0.092568
0.183301
0.118433
0.006425
0.065124
0.011279
0.046924
0.012068
0.032123
0.020644
0.016859
0.024499
0.015153
0.017088
0.017484
0.013821
0.015109
0.012723
0.012882
0.013000
0.009873
0.011559
0.011344
0.008583
0.009683
0.010305
0.007835
0.007989
0.009239
0.007268
0.006907
0.008046
0.006941
0.006236
0.006945
0.006564
0.005746
0.006117
0.006040
0.005446
0.005507
0.005514
0.005228
0.005069
0.005104
0.004976
0.004776
0.004764
0.004718
0.004576
0.004479
0.004486
0.004385
0.004258
0.004270
0.004202
0.004078
0.004066
0.004039
0.003920
0.003900
0.003890
0.003784
0.003762
0.003750
0.003668
0.003638
0.003626
0.003560
0.003527
0.003514
0.003458
0.003427
0.003409
0.003363
0.003333
0.003313
0.003275
0.003246
0.003226
0.003192
0.003167
0.003145
0.003115
0.003092
0.003070
0.003044
0.003022
0.003000
0.002977
0.002957
0.002935
0.002914
0.002894
0.002873
0.002855
0.002835
0.002816
0.002799
0.002780
0.002762
0.002745
0.002727
0.002710
0.002694
0.002677
0.002661
0.002645
0.002629
0.002614
0.002598
0.002583
0.002569
0.002554
0.002540
0.002526
0.002511
0.002498
0.002484
0.002471
0.002458
0.002444
0.002432
0.002419
0.002406
0.002394
0.002382
0.002370
0.002358
0.002346
0.002334
0.002323
0.002312
0.002300
0.002289
0.002278
0.002267
0.002257
0.002246
0.002236
0.002225
0.002215
0.002205
0.002195
0.002185
0.002175
0.002165
0.002156
0.002146
0.002137
0.002128
0.002118
0.002109
0.002100
0.002091
0.002082
0.002074
0.002065
0.002056
0.002048
0.002039
0.002031
0.002022
0.002014
0.002006
0.001998
0.001990
0.001982
0.001974
0.001966
0.001959
0.001951
0.001943
0.001936
0.001928
0.001921
0.001914
0.001906
0.001899
0.001892
0.001885
0.001878
0.001871
0.001864
0.001857
0.001850
0.001843
0.001836
0.001830
0.001823
0.001816
0.001810
0.001803
0.001797
0.001790
0.001784
0.001778
0.001771
0.001765
0.001759
0.001753
0.001747
0.001741
0.001735
0.001729
0.001723
0.001717
0.001711
0.001705
0.001699
0.001694
0.001688
0.001682
0.001677
0.001671
0.001665
0.001660
0.001654
0.001649
0.001644
0.001638
0.001633
0.001628
0.001622
0.001617
0.001612
0.001607
0.001601
0.001596
0.001591
0.001586
0.001581
0.001576
0.001571
0.001566
0.001561
0.001556
0.001552
0.001547
0.001542
0.001537
0.001532
0.001528
0.001523
0.001518
0.001514
0.001509
0.001505
0.001500
0.001496
0.001491
0.001487
0.001482
0.001478
0.001473
0.001469
0.001465
0.001460
0.001456
0.001452
0.001447
0.001443
0.001439
0.001435
0.001431
0.001426
0.001422
0.001418
0.001414
0.001410
0.001406
0.001402
0.001398
0.001394
0.001390
0.001386
0.001382
0.001378
0.001375
0.001371
0.001367
0.001363
0.001359
0.001356
0.001352
0.001348
0.001344
0.001341
0.001337
0.001333
0.001330
0.001326
0.001323
0.001319
0.001315
0.001312
0.001308
0.001305
0.001301
0.001298
0.001294
0.001291
0.001288
0.001284
0.001281
0.001278
0.001274
0.001271
0.001268
0.001264
0.001261
0.001258
0.001254
0.001251
0.001248
0.001245
0.001242
0.001239
0.001235
0.001232
0.001229
0.001226
0.001223
0.001220
0.001217
0.001214
0.001211
0.001208
0.001205
0.001202
0.001199
0.001196
0.001193
0.001190
0.001187
0.001184
0.001181
0.001178
0.001176
0.001173
0.001170
0.001167
0.001164
0.001162
0.001159
0.001156
0.001153
0.001151
0.001148
0.001145
0.001142
0.001140
0.001137
0.001135
0.001132
0.001129
0.001127
0.001124
0.001121
0.001119
0.001116
0.001114
0.001111
0.001109
0.001106
0.001104
0.001101
0.001099
0.001096
0.001094
0.001091
0.001089
0.001087
0.001084
0.001082
0.001079
0.001077
0.001075
0.001072
0.001070
0.001068
0.001065
0.001063
0.001061
0.001058
0.001056
0.001054
0.001052
0.001049
0.001047
0.001045
0.001043
0.001040
0.001038
0.001036
0.001034
0.001032
0.001030
0.001027
0.001025
0.001023
0.001021
0.001019
0.001017
0.001015
0.001013
0.001011
0.001009
0.001007
0.001005
0.001003
0.001001
0.000999
0.000997
0.000995
0.000993
0.000991
0.000989
0.000987
0.000985
0.000983
0.000981
0.000979
0.000977
0.000975
0.000973
0.000971
0.000970
0.000968
0.000966
0.000964
0.000962
0.000960
0.000959
0.000957
0.000955
0.000953
0.000951
0.000950
0.000948
0.000946
0.000944
0.000943
0.000941
0.000939
0.000937
0.000936
0.000934
0.000932
0.000931
0.000929
0.000927
0.000925
0.000924
0.000922
0.000921
0.000919
0.000917
0.000916
0.000914
0.000912
0.000911
0.000909
0.000908
0.000906
0.000904
0.000903
0.000901
0.000900
0.000898
0.000897
0.000895
0.000894
0.000892
0.000891
0.000889
0.000888
0.000886
0.000885
0.000883
0.000882
0.000880
0.000879
0.000877
0.000876
0.000874
0.000873
0.000872
0.000870
0.000869
0.000867
0.000866
0.000864
0.000863
0.000862
0.000860
0.000859
0.000858
0.000856
0.000855
0.000854
0.000852
0.000851
0.000850
0.000848
0.000847
0.000846
0.000844
0.000843
0.000842
0.000840
0.000839
0.000838
0.000837
0.000835
0.000834
0.000833
0.000831
0.000830
0.000829
0.000828
0.000827
0.000825
0.000824
0.000823
0.000822
0.000820
0.000819
0.000818
0.000817
0.000816
0.000814
0.000813
0.000812
0.000811
0.000810
0.000809
0.000807
0.000806
0.000805
0.000804
0.000803
0.000802
0.000801
0.000800
0.000798
0.000797
0.000796
0.000795
0.000794
0.000793
0.000792
0.000791
0.000790
0.000789
0.000788
0.000787
0.000785
0.000784
0.000783
0.000782
0.000781
0.000780
0.000779
0.000778
0.000777
0.000776
0.000775
0.000774
0.000773
0.000772
0.000771
0.000770
0.000769
0.000768
0.000767
0.000766
0.000765
0.000764
0.000763
0.000762
0.000761
0.000760
0.000759
0.000758
0.000758
0.000757
0.000756
0.000755
0.000754
0.000753
0.000752
0.000751
0.000750
0.000749
0.000748
0.000747
0.000746
0.000746
0.000745
0.000744
0.000743
0.000742
0.000741
0.000740
0.000739
0.000739
0.000738
0.000737
0.000736
0.000735
0.000734
0.000733
0.000733
0.000732
0.000731
0.000730
0.000729
0.000728
0.000728
0.000727
0.000726
0.000725
0.000724
0.000723
0.000723
0.000722
0.000721
0.000720
0.000719
0.000719
0.000718
0.000717
0.000716
0.000716
0.000715
0.000714
0.000713
0.000712
0.000712
0.000711
0.000710
0.000709
0.000709
0.000708
0.000707
0.000706
0.000706
0.000705
0.000704
0.000703
0.000703
0.000702
0.000701
0.000701
0.000700
0.000700
0.000700
0.000700
0.000700
0.000700
0.000700
0.000700
0.000700
0.000700
0.000700
0.000700
0.000700
0.000700
0.000699
0.000699
0.000699
0.000699
0.000699
0.000699
0.000699
0.000699
0.000699
0.000699
0.000699
0.000699
0.000699
0.000699
0.000698
0.000698
0.000698
0.000698
0.000698
0.000698
0.000698
0.000698
0.000698
0.000698
0.000698
0.000698
0.000698
0.000698
0.000697
0.000697
0.000697
0.000697
0.000697
0.000697
0.000697
0.000697
0.000697
0.000697
0.000697
0.000697
0.000697
0.000697
0.000696
0.000696
0.000696
0.000696
0.000696
0.000696
0.000696
0.000696
0.000696
0.000696
0.000696
0.000696
0.000696
0.000696
0.000695
0.000695
0.000695
0.000695
0.000695
0.000695
0.000695
0.000695
0.000695
0.000695
0.000695
0.000695
0.000695
0.000694
0.000694
0.000694
0.000694
0.000694
0.000694
0.000694
0.000694
0.000694
0.000694
0.000694
0.000694
0.000694
0.000694
0.000693
0.000693
0.000693
0.000693
0.000693
0.000693
0.000693
0.000693
0.000693
0.000693
0.000693
0.000693
0.000693
0.000693
0.000692
0.000692
0.000692
0.000692
0.000692
0.000692
0.000692
0.000692
0.000692
0.000692
0.000692
0.000692
0.000692
0.000691
0.000691
0.000691
0.000691
0.000691
0.000691
0.000691
0.000691
0.000691
0.000691
0.000691
0.000691
0.000691
0.000691
0.000690
0.000690
0.000690
0.000690
0.000690
0.000690
0.000690
0.000690
0.000690
0.000690
0.000690
0.000690
0.000690
0.000689
0.000689
0.000689
0.000689
0.000689
0.000689
0.000689
0.000689
0.000689
0.000689
0.000689
0.000689
0.000689
0.000689
0.000688
0.000688
0.000688
0.000688
0.000688
0.000688
0.000688
0.000688
0.000688
0.000688
0.000688
0.000688
0.000688
0.000687
0.000687
0.000687
0.000687
0.000687
0.000687
0.000687
0.000687
0.000687
0.000687
0.000687
0.000687
0.000687
0.000687
0.000686
0.000686
0.000686
0.000686
0.000686
0.000686
0.000686
0.000686
0.000686
0.000686
0.000686
0.000686
0.000686
0.000685
0.000685
0.000685
0.000685
0.000685
0.000685
0.000685
0.000685
0.000685
0.000685
0.000685
0.000685
0.000685
0.000684
0.000684
0.000684
0.000684
0.000684
0.000684
0.000684
0.000684
0.000684
0.000684
0.000684
0.000684
0.000684
0.000683
0.000683
0.000683
0.000683
0.000683
0.000683
0.000683
0.000683
0.000683
0.000683
0.000683
0.000683
0.000683
0.000683
0.000682
0.000682
0.000682
0.000682
0.000682
0.000682
0.000682
0.000682
0.000682
0.000682
0.000682
0.000682
0.000682
0.000681
0.000681
0.000681
0.000681
0.000681
0.000681
0.000681
0.000681
0.000681
0.000681
0.000681
0.000681
0.000681
0.000680
0.000680
0.000680
0.000680
0.000680
0.000680
0.000680
0.000680
0.000680
0.000680
0.000680
0.000680
0.000680
0.000679
0.000679
0.000679
0.000679
0.000679
0.000679
0.000679
0.000679
0.000679
0.000679
0.000679
0.000679
0.000679
0.000678
0.000678
0.000678
0.000678
0.000678
0.000678
0.000678
0.000678
0.000678
0.000678
0.000678
0.000678
0.000678
0.000677
0.000677
0.000677
0.000677
0.000677
0.000677
0.000677
0.000677
0.000677
0.000677
0.000677
0.000677
0.000677
0.000676
0.000676
0.000676
0.000676
0.000676
0.000676
0.000676
0.000676
0.000676
0.000676
0.000676
0.000676
0.000676
0.000675
0.000675
0.000675
0.000675
0.000675
0.000675
0.000675
0.000675
0.000675
0.000675
0.000675
0.000675
0.000675
0.000674
0.000674
0.000674
0.000674
0.000674
0.000674
0.000674
0.000674
0.000674
0.000674
0.000674
0.000674
0.000674
0.000673
0.000673
0.000673
0.000673
0.000673
0.000673
0.000673
0.000673
0.000673
0.000673
0.000673
0.000673
0.000673
0.000672
0.000672
0.000672
0.000672
0.000672
0.000672
0.000672
0.000672
0.000672
0.000672
0.000672
0.000672
0.000672
0.000671
0.000671
0.000671
0.000671
0.000671
0.000671
0.000671
0.000671
0.000671
0.000671
0.000671
0.000671
0.000670
0.000670
0.000670
0.000670
0.000670
0.000670
0.000670
0.000670
0.000670
0.000670
0.000670
0.000670
0.000670
0.000669
0.000669
0.000669
0.000669
0.000669
0.000669
0.000669
0.000669
0.000669
0.000669
0.000669
0.000669
0.000669
0.000668
0.000668
0.000668
0.000668
0.000668
0.000668
0.000668
0.000668
0.000668
0.000668
0.000668
0.000668
0.000668
0.000667
0.000667
0.000667
0.000667
0.000667
0.000667
0.000667
0.000667
0.000667
0.000667
0.000667
0.000667
0.000667
0.000666
0.000666
0.000666
0.000666
0.000666
0.000666
0.000666
0.000666
0.000666
0.000666
0.000666
0.000666
0.000665
0.000665
0.000665
0.000665
0.000665
0.000665
0.000665
0.000665
0.000665
0.000665
0.000665
0.000665
0.000665
0.000664
0.000664
0.000664
0.000664
0.000664
0.000664
0.000664
0.000664
0.000664
0.000664
0.000664
0.000664
0.000664
0.000663
0.000663
0.000663
0.000663
0.000663
0.000663
0.000663
0.000663
0.000663
0.000663
0.000663
0.000663
0.000662
0.000662
0.000662
0.000662
0.000662
0.000662
0.000662
0.000662
0.000662
0.000662
0.000662
0.000662
0.000662
0.000661
0.000661
0.000661
0.000661
0.000661
0.000661
0.000661
0.000661
0.000661
0.000661
0.000661
0.000661
0.000661
0.000660
0.000660
0.000660
0.000660
0.000660
0.000660
0.000660
0.000660
0.000660
0.000660
0.000660
0.000660
0.000659
0.000659
0.000659
0.000659
0.000659
0.000659
0.000659
0.000659
0.000659
0.000659
0.000659
0.000659
0.000659
0.000658
0.000658
0.000658
0.000658
0.000658
0.000658
0.000658
0.000658
0.000658
0.000658
0.000658
0.000658
0.000658
0.000657
0.000657
0.000657
0.000657
0.000657
0.000657
0.000657
0.000657
0.000657
0.000657
0.000657
0.000657
0.000656
0.000656
0.000656
0.000656
0.000656
0.000656
0.000656
0.000656
0.000656
0.000656
0.000656
0.000656
0.000656
0.000655
0.000655
0.000655
0.000655
0.000655
0.000655
0.000655
0.000655
0.000655
0.000655
0.000655
0.000655
0.000655
0.000654
0.000654
0.000654
0.000654
0.000654
0.000654
0.000654
0.000654
0.000654
0.000654
0.000654
0.000654
0.000653
0.000653
0.000653
0.000653
0.000653
0.000653
0.000653
0.000653
0.000653
0.000653
0.000653
0.000653
0.000653
0.000652
0.000652
0.000652
0.000652
0.000652
0.000652
0.000652
0.000652
0.000652
0.000652
0.000652
0.000652
0.000651
0.000651
0.000651
0.000651
0.000651
0.000651
0.000651
0.000651
0.000651
0.000651
0.000651
0.000651
0.000651
0.000650
0.000650
0.000650
0.000650
0.000650
0.000650
0.000650
0.000650
0.000650
0.000650
0.000650
0.000650
0.000649
0.000649
0.000649
0.000649
0.000649
0.000649
0.000649
0.000649
0.000649
0.000649
0.000649
0.000649
0.000649
0.000648
0.000648
0.000648
0.000648
0.000648
0.000648
0.000648
0.000648
0.000648
0.000648
0.000648
0.000648
0.000648
0.000647
0.000647
0.000647
0.000647
0.000647
0.000647
0.000647
0.000647
0.000647
0.000647
0.000647
0.000647
0.000646
0.000646
0.000646
0.000646
0.000646
0.000646
0.000646
0.000646
0.000646
0.000646
0.000646
0.000646
0.000646
0.000645
0.000645
0.000645
0.000645
0.000645
0.000645
0.000645
0.000645
0.000645
0.000645
0.000645
0.000645
0.000644
0.000644
0.000644
0.000644
0.000644
0.000644
0.000644
0.000644
0.000644
0.000644
0.000644
0.000644
0.000644
0.000643
0.000643
0.000643
0.000643
0.000643
0.000643
0.000643
0.000643
0.000643
0.000643
0.000643
0.000643
0.000642
0.000642
0.000642
0.000642
0.000642
0.000642
0.000642
0.000642
0.000642
0.000642
0.000642
0.000642
0.000642
0.000641
0.000641
0.000641
0.000641
0.000641
0.000641
0.000641
0.000641
0.000641
0.000641
0.000641
0.000641
0.000640
0.000640
0.000640
0.000640
0.000640
0.000640
0.000640
0.000640
0.000640
0.000640
0.000640
0.000640
0.000640
0.000639
0.000639
0.000639
0.000639
0.000639
0.000639
0.000639
0.000639
0.000639
0.000639
0.000639
0.000639
0.000639
0.000638
0.000638
0.000638
0.000638
0.000638
0.000638
0.000638
0.000638
0.000638
0.000638
0.000638
0.000638
0.000637
0.000637
0.000637
0.000637
0.000637
0.000637
0.000637
0.000637
0.000637
0.000637
0.000637
0.000637
0.000637
0.000636
0.000636
0.000636
0.000636
0.000636
0.000636
0.000636
0.000636
0.000636
0.000636
0.000636
0.000636
0.000635
0.000635
0.000635
0.000635
0.000635
0.000635
0.000635
0.000635
0.000635
0.000635
0.000635
0.000635
0.000635
0.000634
0.000634
0.000634
0.000634
0.000634
0.000634
0.000634
0.000634
0.000634
0.000634
0.000634
0.000634
0.000633
0.000633
0.000633
0.000633
0.000633
0.000633
0.000633
0.000633
0.000633
0.000633
0.000633
0.000633
0.000633
0.000632
0.000632
0.000632
0.000632
0.000632
0.000632
0.000632
0.000632
0.000632
0.000632
0.000632
0.000632
0.000631
0.000631
0.000631
0.000631
0.000631
0.000631
0.000631
0.000631
0.000631
0.000631
0.000631
0.000631
0.000631
0.000630
0.000630
0.000630
0.000630
0.000630
0.000630
0.000630
0.000630
0.000630
0.000630
0.000630
0.000630
0.000630
0.000629
0.000629
0.000629
0.000629
0.000629
0.000629
0.000629
0.000629
0.000629
0.000629
0.000629
0.000629
0.000628
0.000628
0.000628
0.000628
0.000628
0.000628
0.000628
0.000628
0.000628
0.000628
0.000628
0.000628
0.000628
0.000627
0.000627
0.000627
0.000627
0.000627
0.000627
0.000627
0.000627
0.000627
0.000627
0.000627
0.000627
0.000626
0.000626
0.000626
0.000626
0.000626
0.000626
0.000626
0.000626
0.000626
0.000626
0.000626
0.000626
0.000626
0.000625
0.000625
0.000625
0.000625
0.000625
0.000625
0.000625
0.000625
0.000625
0.000625
0.000625
0.000625
0.000625
0.000624
0.000624
0.000624
0.000624
0.000624
0.000624
0.000624
0.000624
0.000624
0.000624
0.000624
0.000624
0.000623
0.000623
0.000623
0.000623
0.000623
0.000623
0.000623
0.000623
0.000623
0.000623
0.000623
0.000623
0.000623
0.000622
0.000622
0.000622
0.000622
0.000622
0.000622
0.000622
0.000622
0.000622
0.000622
0.000622
0.000622
0.000622
0.000621
0.000621
0.000621
0.000621
0.000621
0.000621
0.000621
0.000621
0.000621
0.000621
0.000621
0.000621
0.000620
0.000620
0.000620
0.000620
0.000620
0.000620
0.000620
0.000620
0.000620
0.000620
0.000620
0.000620
0.000620
0.000619
0.000619
0.000619
0.000619
0.000619
0.000619
0.000619
0.000619
0.000619
0.000619
0.000619
0.000619
0.000619
0.000618
0.000618
0.000618
0.000618
0.000618
0.000618
0.000618
0.000618
0.000618
0.000618
0.000618
0.000618
0.000618
0.000617
0.000617
0.000617
0.000617
0.000617
0.000617
0.000617
0.000617
0.000617
0.000617
0.000617
0.000617
0.000616
0.000616
0.000616
0.000616
0.000616
0.000616
0.000616
0.000616
0.000616
0.000616
0.000616
0.000616
0.000616
0.000615
0.000615
0.000615
0.000615
0.000615
0.000615
0.000615
0.000615
0.000615
0.000615
0.000615
0.000615
0.000615
0.000614
0.000614
0.000614
0.000614
0.000614
0.000614
0.000614
0.000614
0.000614
0.000614
0.000614
0.000614
0.000614
0.000613
0.000613
0.000613
0.000613
0.000613
0.000613
0.000613
0.000613
0.000613
0.000613
0.000613
0.000613
0.000612
0.000612
0.000612
0.000612
0.000612
0.000612
0.000612
0.000612
0.000612
0.000612
0.000612
0.000612
0.000612
0.000611
0.000611
0.000611
0.000611
0.000611
0.000611
0.000611
0.000611
0.000611
0.000611
0.000611
0.000611
0.000611
0.000610
0.000610
0.000610
0.000610
0.000610
0.000610
0.000610
0.000610
0.000610
0.000610
0.000610
0.000610
0.000610
0.000609
0.000609
0.000609
0.000609
0.000609
0.000609
0.000609
0.000609
0.000609
0.000609
0.000609
0.000609
0.000609
0.000608
0.000608
0.000608
0.000608
0.000608
0.000608
0.000608
0.000608
0.000608
0.000608
0.000608
0.000608
0.000608
0.000607
0.000607
0.000607
0.000607
0.000607
0.000607
0.000607
0.000607
0.000607
0.000607
0.000607
0.000607
0.000607
0.000606
0.000606
0.000606
0.000606
0.000606
0.000606
0.000606
0.000606
0.000606
0.000606
0.000606
0.000606
0.000606
0.000605
0.000605
0.000605
0.000605
0.000605
0.000605
0.000605
0.000605
0.000605
0.000605
0.000605
0.000605
0.000605
0.000604
0.000604
0.000604
0.000604
0.000604
0.000604
0.000604
0.000604
0.000604
0.000604
0.000604
0.000604
0.000603
0.000603
0.000603
0.000603
0.000603
0.000603
0.000603
0.000603
0.000603
0.000603
0.000603
0.000603
0.000603
0.000602
0.000602
0.000602
0.000602
0.000602
0.000602
0.000602
0.000602
0.000602
0.000602
0.000602
0.000602
0.000602
0.000602
0.000601
0.000601
0.000601
0.000601
0.000601
0.000601
0.000601
0.000601
0.000601
0.000601
0.000601
0.000601
0.000601
0.000600
0.000600
0.000600
0.000600
0.000600
0.000600
0.000600
0.000600
0.000600
0.000600
0.000600
0.000600
0.000600
0.000599
0.000599
0.000599
0.000599
0.000599
0.000599
0.000599
0.000599
0.000599
0.000599
0.000599
0.000599
0.000599
0.000598
0.000598
0.000598
0.000598
0.000598
0.000598
0.000598
0.000598
0.000598
0.000598
0.000598
0.000598
0.000598
0.000597
0.000597
0.000597
0.000597
0.000597
0.000597
0.000597
0.000597
0.000597
0.000597
0.000597
0.000597
0.000597
0.000596
0.000596
0.000596
0.000596
0.000596
0.000596
0.000596
0.000596
0.000596
0.000596
0.000596
0.000596
0.000596
0.000595
0.000595
0.000595
0.000595
0.000595
0.000595
0.000595
0.000595
0.000595
0.000595
0.000595
0.000595
0.000595
0.000594
0.000594
0.000594
0.000594
0.000594
0.000594
0.000594
0.000594
0.000594
0.000594
0.000594
0.000594
0.000594
0.000594
0.000593
0.000593
0.000593
0.000593
0.000593
0.000593
0.000593
0.000593
0.000593
0.000593
0.000593
0.000593
0.000593
0.000592
0.000592
0.000592
0.000592
0.000592
0.000592
0.000592
0.000592
0.000592
0.000592
0.000592
0.000592
0.000592
0.000591
0.000591
0.000591
0.000591
0.000591
0.000591
0.000591
0.000591
0.000591
0.000591
0.000591
0.000591
0.000591
0.000590
0.000590
0.000590
0.000590
0.000590
0.000590
0.000590
0.000590
0.000590
0.000590
0.000590
0.000590
0.000590
0.000590
0.000589
0.000589
0.000589
0.000589
0.000589
0.000589
0.000589
0.000589
0.000589
0.000589
0.000589
0.000589
0.000589
0.000588
0.000588
0.000588
0.000588
0.000588
0.000588
0.000588
0.000588
0.000588
0.000588
0.000588
0.000588
0.000588
0.000588
0.000587
0.000587
0.000587
0.000587
0.000587
0.000587
0.000587
0.000587
0.000587
0.000587
0.000587
0.000587
0.000587
0.000586
0.000586
0.000586
0.000586
0.000586
0.000586
0.000586
0.000586
0.000586
0.000586
0.000586
0.000586
0.000586
0.000585
0.000585
0.000585
0.000585
0.000585
0.000585
0.000585
0.000585
0.000585
0.000585
0.000585
0.000585
0.000585
0.000585
0.000584
0.000584
0.000584
0.000584
0.000584
0.000584
0.000584
0.000584
0.000584
0.000584
0.000584
0.000584
0.000584
0.000583
0.000583
0.000583
0.000583
0.000583
0.000583
0.000583
0.000583
0.000583
0.000583
0.000583
0.000583
0.000583
0.000583
0.000582
0.000582
0.000582
0.000582
0.000582
0.000582
0.000582
0.000582
0.000582
0.000582
0.000582
0.000582
0.000582
0.000582
0.000581
0.000581
0.000581
0.000581
0.000581
0.000581
0.000581
0.000581
0.000581
0.000581
0.000581
0.000581
0.000581
0.000580
0.000580
0.000580
0.000580
0.000580
0.000580
0.000580
0.000580
0.000580
0.000580
0.000580
0.000580
0.000580
0.000580
0.000579
0.000579
0.000579
0.000579
0.000579
0.000579
0.000579
0.000579
0.000579
0.000579
0.000579
0.000579
0.000579
0.000579
0.000578
0.000578
0.000578
0.000578
0.000578
0.000578
0.000578
0.000578
0.000578
0.000578
0.000578
0.000578
0.000578
0.000577
0.000577
0.000577
0.000577
0.000577
0.000577
0.000577
0.000577
0.000577
0.000577
0.000577
0.000577
0.000577
0.000577
0.000576
0.000576
0.000576
0.000576
0.000576
0.000576
0.000576
0.000576
0.000576
0.000576
0.000576
0.000576
0.000576
0.000576
0.000575
0.000575
0.000575
0.000575
0.000575
0.000575
0.000575
0.000575
0.000575
0.000575
0.000575
0.000575
0.000575
0.000575
0.000574
0.000574
0.000574
0.000574
0.000574
0.000574
0.000574
0.000574
0.000574
0.000574
0.000574
0.000574
0.000574
0.000574
0.000573
0.000573
0.000573
0.000573
0.000573
0.000573
0.000573
0.000573
0.000573
0.000573
0.000573
0.000573
0.000573
0.000573
0.000572
0.000572
0.000572
0.000572
0.000572
0.000572
0.000572
0.000572
0.000572
0.000572
0.000572
0.000572
0.000572
0.000572
0.000571
0.000571
0.000571
0.000571
0.000571
0.000571
0.000571
0.000571
0.000571
0.000571
0.000571
0.000571
0.000571
0.000571
0.000570
0.000570
0.000570
0.000570
0.000570
0.000570
0.000570
0.000570
0.000570
0.000570
0.000570
0.000570
0.000570
0.000570
0.000569
0.000569
0.000569
0.000569
0.000569
0.000569
0.000569
0.000569
0.000569
0.000569
0.000569
0.000569
0.000569
0.000569
0.000568
0.000568
0.000568
0.000568
0.000568
0.000568
0.000568
0.000568
0.000568
0.000568
0.000568
0.000568
0.000568
0.000568
0.000567
0.000567
0.000567
0.000567
0.000567
0.000567
0.000567
0.000567
0.000567
0.000567
0.000567
0.000567
0.000567
0.000567
0.000566
0.000566
0.000566
0.000566
0.000566
0.000566
0.000566
0.000566
0.000566
0.000566
0.000566
0.000566
0.000566
0.000566
0.000565
0.000565
0.000565
0.000565
0.000565
0.000565
0.000565
0.000565
0.000565
0.000565
0.000565
0.000565
0.000565
0.000565
0.000565
0.000564
0.000564
0.000564
0.000564
0.000564
0.000564
0.000564
0.000564
0.000564
0.000564
0.000564
0.000564
0.000564
0.000564
0.000563
0.000563
0.000563
0.000563
0.000563
0.000563
0.000563
0.000563
0.000563
0.000563
0.000563
0.000563
0.000563
0.000563
0.000562
0.000562
0.000562
0.000562
0.000562
0.000562
0.000562
0.000562
0.000562
0.000562
0.000562
0.000562
0.000562
0.000562
0.000562
0.000561
0.000561
0.000561
0.000561
0.000561
0.000561
0.000561
0.000561
0.000561
0.000561
0.000561
0.000561
0.000561
0.000561
0.000560
0.000560
0.000560
0.000560
0.000560
0.000560
0.000560
0.000560
0.000560
0.000560
0.000560
0.000560
0.000560
0.000560
0.000560
0.000559
0.000559
0.000559
0.000559
0.000559
0.000559
0.000559
0.000559
0.000559
0.000559
0.000559
0.000559
0.000559
0.000559
0.000559
0.000558
0.000558
0.000558
0.000558
0.000558
0.000558
0.000558
0.000558
0.000558
0.000558
0.000558
0.000558
0.000558
0.000558
0.000557
0.000557
0.000557
0.000557
0.000557
0.000557
0.000557
0.000557
0.000557
0.000557
0.000557
0.000557
0.000557
0.000557
0.000557
0.000556
0.000556
0.000556
0.000556
0.000556
0.000556
0.000556
0.000556
0.000556
0.000556
0.000556
0.000556
0.000556
0.000556
0.000556
0.000555
0.000555
0.000555
0.000555
0.000555
0.000555
0.000555
0.000555
0.000555
0.000555
0.000555
0.000555
0.000555
0.000555
0.000554
0.000554
0.000554
0.000554
0.000554
0.000554
0.000554
0.000554
0.000554
0.000554
0.000554
0.000554
0.000554
0.000554
0.000554
0.000553
0.000553
0.000553
0.000553
0.000553
0.000553
0.000553
0.000553
0.000553
0.000553
0.000553
0.000553
0.000553
0.000553
0.000553
0.000552
0.000552
0.000552
0.000552
0.000552
0.000552
0.000552
0.000552
0.000552
0.000552
0.000552
0.000552
0.000552
0.000552
0.000552
0.000551
0.000551
0.000551
0.000551
0.000551
0.000551
0.000551
0.000551
0.000551
0.000551
0.000551
0.000551
0.000551
0.000551
0.000551
0.000550
0.000550
0.000550
0.000550
0.000550
0.000550
0.000550
0.000550
0.000550
0.000550
0.000550
0.000550
0.000550
0.000550
0.000550
0.000549
0.000549
0.000549
0.000549
0.000549
0.000549
0.000549
0.000549
0.000549
0.000549
0.000549
0.000549
0.000549
0.000549
0.000549
0.000549
0.000549
0.000549
0.000549
0.000549
0.000549
0.000549
0.000549
0.000549
0.000549
0.000549
0.000549
0.000549
0.000549
0.000549
0.000548
0.000548
0.000548
0.000548
0.000548
0.000548
0.000548
0.000548
0.000548
0.000548
0.000548
0.000548
0.000548
0.000548
0.000548
0.000548
0.000548
0.000548
0.000548
0.000548
0.000548
0.000548
0.000548
0.000548
0.000548
0.000548
0.000548
0.000548
0.000548
0.000548
0.000547
0.000547
0.000547
0.000547
0.000547
0.000547
0.000547
0.000547
0.000547
0.000547
0.000547
0.000547
0.000547
0.000547
0.000547
0.000547
0.000547
0.000547
0.000547
0.000547
0.000547
0.000547
0.000547
0.000547
0.000547
0.000547
0.000547
0.000547
0.000547
0.000547
0.000546
0.000546
0.000546
0.000546
0.000546
0.000546
0.000546
0.000546
0.000546
0.000546
0.000546
0.000546
0.000546
0.000546
0.000546
0.000546
0.000546
0.000546
0.000546
0.000546
0.000546
0.000546
0.000546
0.000546
0.000546
0.000546
0.000546
0.000546
0.000546
0.000546
0.000545
0.000545
0.000545
0.000545
0.000545
0.000545
0.000545
0.000545
0.000545
0.000545
0.000545
0.000545
0.000545
0.000545
0.000545
0.000545
0.000545
0.000545
0.000545
0.000545
0.000545
0.000545
0.000545
0.000545
0.000545
0.000545
0.000545
0.000545
0.000545
0.000544
0.000544
0.000544
0.000544
0.000544
0.000544
0.000544
0.000544
0.000544
0.000544
0.000544
0.000544
0.000544
0.000544
0.000544
0.000544
0.000544
0.000544
0.000544
0.000544
0.000544
0.000544
0.000544
0.000544
0.000544
0.000544
0.000544
0.000544
0.000544
0.000544
0.000543
0.000543
0.000543
0.000543
0.000543
0.000543
0.000543
0.000543
0.000543
0.000543
0.000543
0.000543
0.000543
0.000543
0.000543
0.000543
0.000543
0.000543
0.000543
0.000543
0.000543
0.000543
0.000543
0.000543
0.000543
0.000543
0.000543
0.000543
0.000543
0.000543
0.000542
0.000542
0.000542
0.000542
0.000542
0.000542
0.000542
0.000542
0.000542
0.000542
0.000542
0.000542
0.000542
0.000542
0.000542
0.000542
0.000542
0.000542
0.000542
0.000542
0.000542
0.000542
0.000542
0.000542
0.000542
0.000542
0.000542
0.000542
0.000542
0.000541
0.000541
0.000541
0.000541
0.000541
0.000541
0.000541
0.000541
0.000541
0.000541
0.000541
0.000541
0.000541
0.000541
0.000541
0.000541
0.000541
0.000541
0.000541
0.000541
0.000541
0.000541
0.000541
0.000541
0.000541
0.000541
0.000541
0.000541
0.000541
0.000540
0.000540
0.000540
0.000540
0.000540
0.000540
0.000540
0.000540
0.000540
0.000540
0.000540
0.000540
0.000540
0.000540
0.000540
0.000540
0.000540
0.000540
0.000540
0.000540
0.000540
0.000540
0.000540
0.000540
0.000540
0.000540
0.000540
0.000540
0.000540
0.000540
0.000539
0.000539
0.000539
0.000539
0.000539
0.000539
0.000539
0.000539
0.000539
0.000539
0.000539
0.000539
0.000539
0.000539
0.000539
0.000539
0.000539
0.000539
0.000539
0.000539
0.000539
0.000539
0.000539
0.000539
0.000539
0.000539
0.000539
0.000539
0.000539
0.000538
0.000538
0.000538
0.000538
0.000538
0.000538
0.000538
0.000538
0.000538
0.000538
0.000538
0.000538
0.000538
0.000538
0.000538
0.000538
0.000538
0.000538
0.000538
0.000538
0.000538
0.000538
0.000538
0.000538
0.000538
0.000538
0.000538
0.000538
0.000538
0.000537
0.000537
0.000537
0.000537
0.000537
0.000537
0.000537
0.000537
0.000537
0.000537
0.000537
0.000537
0.000537
0.000537
0.000537
0.000537
0.000537
0.000537
0.000537
0.000537
0.000537
0.000537
0.000537
0.000537
0.000537
0.000537
0.000537
0.000537
0.000537
0.000536
0.000536
0.000536
0.000536
0.000536
0.000536
0.000536
0.000536
0.000536
0.000536
0.000536
0.000536
0.000536
0.000536
0.000536
0.000536
0.000536
0.000536
0.000536
0.000536
0.000536
0.000536
0.000536
0.000536
0.000536
0.000536
0.000536
0.000536
0.000536
0.000535
0.000535
0.000535
0.000535
0.000535
0.000535
0.000535
0.000535
0.000535
0.000535
0.000535
0.000535
0.000535
0.000535
0.000535
0.000535
0.000535
0.000535
0.000535
0.000535
0.000535
0.000535
0.000535
0.000535
0.000535
0.000535
0.000535
0.000535
0.000535
0.000534
0.000534
0.000534
0.000534
0.000534
0.000534
0.000534
0.000534
0.000534
0.000534
0.000534
0.000534
0.000534
0.000534
0.000534
0.000534
0.000534
0.000534
0.000534
0.000534
0.000534
0.000534
0.000534
0.000534
0.000534
0.000534
0.000534
0.000534
0.000534
0.000533
0.000533
0.000533
0.000533
0.000533
0.000533
0.000533
0.000533
0.000533
0.000533
0.000533
0.000533
0.000533
0.000533
0.000533
0.000533
0.000533
0.000533
0.000533
0.000533
0.000533
0.000533
0.000533
0.000533
0.000533
0.000533
0.000533
0.000533
0.000533
0.000532
0.000532
0.000532
0.000532
0.000532
0.000532
0.000532
0.000532
0.000532
0.000532
0.000532
0.000532
0.000532
0.000532
0.000532
0.000532
0.000532
0.000532
0.000532
0.000532
0.000532
0.000532
0.000532
0.000532
0.000532
0.000532
0.000532
0.000532
0.000531
0.000531
0.000531
0.000531
0.000531
0.000531
0.000531
0.000531
0.000531
0.000531
0.000531
0.000531
0.000531
0.000531
0.000531
0.000531
0.000531
0.000531
0.000531
0.000531
0.000531
0.000531
0.000531
0.000531
0.000531
0.000531
0.000531
0.000531
0.000531
0.000530
0.000530
0.000530
0.000530
0.000530
0.000530
0.000530
0.000530
0.000530
0.000530
0.000530
0.000530
0.000530
0.000530
0.000530
0.000530
0.000530
0.000530
0.000530
0.000530
0.000530
0.000530
0.000530
0.000530
0.000530
0.000530
0.000530
0.000530
0.000530
0.000529
0.000529
0.000529
0.000529
0.000529
0.000529
0.000529
0.000529
0.000529
0.000529
0.000529
0.000529
0.000529
0.000529
0.000529
0.000529
0.000529
0.000529
0.000529
0.000529
0.000529
0.000529
0.000529
0.000529
0.000529
0.000529
0.000529
0.000529
0.000528
0.000528
0.000528
0.000528
0.000528
0.000528
0.000528
0.000528
0.000528
0.000528
0.000528
0.000528
0.000528
0.000528
0.000528
0.000528
0.000528
0.000528
0.000528
0.000528
0.000528
0.000528
0.000528
0.000528
0.000528
0.000528
0.000528
0.000528
0.000528
0.000527
0.000527
0.000527
0.000527
0.000527
0.000527
0.000527
0.000527
0.000527
0.000527
0.000527
0.000527
0.000527
0.000527
0.000527
0.000527
0.000527
0.000527
0.000527
0.000527
0.000527
0.000527
0.000527
0.000527
0.000527
0.000527
0.000527
0.000527
0.000526
0.000526
0.000526
0.000526
0.000526
0.000526
0.000526
0.000526
0.000526
0.000526
0.000526
0.000526
0.000526
0.000526
0.000526
0.000526
0.000526
0.000526
0.000526
0.000526
0.000526
0.000526
0.000526
0.000526
0.000526
0.000526
0.000526
0.000526
0.000526
0.000525
0.000525
0.000525
0.000525
0.000525
0.000525
0.000525
0.000525
0.000525
0.000525
0.000525
0.000525
0.000525
0.000525
0.000525
0.000525
0.000525
0.000525
0.000525
0.000525
0.000525
0.000525
0.000525
0.000525
0.000525
0.000525
0.000525
0.000525
0.000524
0.000524
0.000524
0.000524
0.000524
0.000524
0.000524
0.000524
0.000524
0.000524
0.000524
0.000524
0.000524
0.000524
0.000524
0.000524
0.000524
0.000524
0.000524
0.000524
0.000524
0.000524
0.000524
0.000524
0.000524
0.000524
0.000524
0.000524
0.000524
0.000523
0.000523
0.000523
0.000523
0.000523
0.000523
0.000523
0.000523
0.000523
0.000523
0.000523
0.000523
0.000523
0.000523
0.000523
0.000523
0.000523
0.000523
0.000523
0.000523
0.000523
0.000523
0.000523
0.000523
0.000523
0.000523
0.000523
0.000523
0.000522
0.000522
0.000522
0.000522
0.000522
0.000522
0.000522
0.000522
0.000522
0.000522
0.000522
0.000522
0.000522
0.000522
0.000522
0.000522
0.000522
0.000522
0.000522
0.000522
0.000522
0.000522
0.000522
0.000522
0.000522
0.000522
0.000522
0.000522
0.000522
0.000521
0.000521
0.000521
0.000521
0.000521
0.000521
0.000521
0.000521
0.000521
0.000521
0.000521
0.000521
0.000521
0.000521
0.000521
0.000521
0.000521
0.000521
0.000521
0.000521
0.000521
0.000521
0.000521
0.000521
0.000521
0.000521
0.000521
0.000521
0.000520
0.000520
0.000520
0.000520
0.000520
0.000520
0.000520
0.000520
0.000520
0.000520
0.000520
0.000520
0.000520
0.000520
0.000520
0.000520
0.000520
0.000520
0.000520
0.000520
0.000520
0.000520
0.000520
0.000520
0.000520
0.000520
0.000520
0.000520
0.000519
0.000519
0.000519
0.000519
0.000519
0.000519
0.000519
0.000519
0.000519
0.000519
0.000519
0.000519
0.000519
0.000519
0.000519
0.000519
0.000519
0.000519
0.000519
0.000519
0.000519
0.000519
0.000519
0.000519
0.000519
0.000519
0.000519
0.000519
0.000519
0.000518
0.000518
0.000518
0.000518
0.000518
0.000518
0.000518
0.000518
0.000518
0.000518
0.000518
0.000518
0.000518
0.000518
0.000518
0.000518
0.000518
0.000518
0.000518
0.000518
0.000518
0.000518
0.000518
0.000518
0.000518
0.000518
0.000518
0.000518
0.000517
0.000517
0.000517
0.000517
0.000517
0.000517
0.000517
0.000517
0.000517
0.000517
0.000517
0.000517
0.000517
0.000517
0.000517
0.000517
0.000517
0.000517
0.000517
0.000517
0.000517
0.000517
0.000517
0.000517
0.000517
0.000517
0.000517
0.000517
0.000516
0.000516
0.000516
0.000516
0.000516
0.000516
0.000516
0.000516
0.000516
0.000516
0.000516
0.000516
0.000516
0.000516
0.000516
0.000516
0.000516
0.000516
0.000516
0.000516
0.000516
0.000516
0.000516
0.000516
0.000516
0.000516
0.000516
0.000516
0.000516
0.000515
0.000515
0.000515
0.000515
0.000515
0.000515
0.000515
0.000515
0.000515
0.000515
0.000515
0.000515
0.000515
0.000515
0.000515
0.000515
0.000515
0.000515
0.000515
0.000515
0.000515
0.000515
0.000515
0.000515
0.000515
0.000515
0.000515
0.000515
0.000514
0.000514
0.000514
0.000514
0.000514
0.000514
0.000514
0.000514
0.000514
0.000514
0.000514
0.000514
0.000514
0.000514
0.000514
0.000514
0.000514
0.000514
0.000514
0.000514
0.000514
0.000514
0.000514
0.000514
0.000514
0.000514
0.000514
0.000514
0.000513
0.000513
0.000513
0.000513
0.000513
0.000513
0.000513
0.000513
0.000513
0.000513
0.000513
0.000513
0.000513
0.000513
0.000513
0.000513
0.000513
0.000513
0.000513
0.000513
0.000513
0.000513
0.000513
0.000513
0.000513
0.000513
0.000513
0.000513
0.000513
0.000512
0.000512
0.000512
0.000512
0.000512
0.000512
0.000512
0.000512
0.000512
0.000512
0.000512
0.000512
0.000512
0.000512
0.000512
0.000512
0.000512
0.000512
0.000512
0.000512
0.000512
0.000512
0.000512
0.000512
0.000512
0.000512
0.000512
0.000512
0.000511
0.000511
0.000511
0.000511
0.000511
0.000511
0.000511
0.000511
0.000511
0.000511
0.000511
0.000511
0.000511
0.000511
0.000511
0.000511
0.000511
0.000511
0.000511
0.000511
0.000511
0.000511
0.000511
0.000511
0.000511
0.000511
0.000511
0.000511
0.000510
0.000510
0.000510
0.000510
0.000510
0.000510
0.000510
0.000510
0.000510
0.000510
0.000510
0.000510
0.000510
0.000510
0.000510
0.000510
0.000510
0.000510
0.000510
0.000510
0.000510
0.000510
0.000510
0.000510
0.000510
0.000510
0.000510
0.000510
0.000510
0.000509
0.000509
0.000509
0.000509
0.000509
0.000509
0.000509
0.000509
0.000509
0.000509
0.000509
0.000509
0.000509
0.000509
0.000509
0.000509
0.000509
0.000509
0.000509
0.000509
0.000509
0.000509
0.000509
0.000509
0.000509
0.000509
0.000509
0.000509
0.000508
0.000508
0.000508
0.000508
0.000508
0.000508
0.000508
0.000508
0.000508
0.000508
0.000508
0.000508
0.000508
0.000508
0.000508
0.000508
0.000508
0.000508
0.000508
0.000508
0.000508
0.000508
0.000508
0.000508
0.000508
0.000508
0.000508
0.000508
0.000507
0.000507
0.000507
0.000507
0.000507
0.000507
0.000507
0.000507
0.000507
0.000507
0.000507
0.000507
0.000507
0.000507
0.000507
0.000507
0.000507
0.000507
0.000507
0.000507
0.000507
0.000507
0.000507
0.000507
0.000507
0.000507
0.000507
0.000507
0.000507
0.000506
0.000506
0.000506
0.000506
0.000506
0.000506
0.000506
0.000506
0.000506
0.000506
0.000506
0.000506
0.000506
0.000506
0.000506
0.000506
0.000506
0.000506
0.000506
0.000506
0.000506
0.000506
0.000506
0.000506
0.000506
0.000506
0.000506
0.000506
0.000505
0.000505
0.000505
0.000505
0.000505
0.000505
0.000505
0.000505
0.000505
0.000505
0.000505
0.000505
0.000505
0.000505
0.000505
0.000505
0.000505
0.000505
0.000505
0.000505
0.000505
0.000505
0.000505
0.000505
0.000505
0.000505
0.000505
0.000505
0.000505
0.000504
0.000504
0.000504
0.000504
0.000504
0.000504
0.000504
0.000504
0.000504
0.000504
0.000504
0.000504
0.000504
0.000504
0.000504
0.000504
0.000504
0.000504
0.000504
0.000504
0.000504
0.000504
0.000504
0.000504
0.000504
0.000504
0.000504
0.000504
0.000503
0.000503
0.000503
0.000503
0.000503
0.000503
0.000503
0.000503
0.000503
0.000503
0.000503
0.000503
0.000503
0.000503
0.000503
0.000503
0.000503
0.000503
0.000503
0.000503
0.000503
0.000503
0.000503
0.000503
0.000503
0.000503
0.000503
0.000503
0.000503
0.000502
0.000502
0.000502
0.000502
0.000502
0.000502
0.000502
0.000502
0.000502
0.000502
0.000502
0.000502
0.000502
0.000502
0.000502
0.000502
0.000502
0.000502
0.000502
0.000502
0.000502
0.000502
0.000502
0.000502
0.000502
0.000502
0.000502
0.000502
0.000501
0.000501
0.000501
0.000501
0.000501
0.000501
0.000501
0.000501
0.000501
0.000501
0.000501
0.000501
0.000501
0.000501
0.000501
0.000501
0.000501
0.000501
0.000501
0.000501
0.000501
0.000501
0.000501
0.000501
0.000501
0.000501
0.000501
0.000501
0.000501
0.000500
0.000500
0.000500
0.000500
0.000500
0.000500
0.000500
0.000500
0.000500
0.000500
0.000500
0.000500
0.000500
0.000500
0.000500
0.000500
0.000500
0.000500
0.000500
0.000500
0.000500
0.000500
0.000500
0.000500
0.000500
0.000500
0.000500
0.000500
0.000499
0.000499
0.000499
0.000499
0.000499
0.000499
0.000499
0.000499
0.000499
0.000499
0.000499
0.000499
0.000499
0.000499
0.000499
0.000499
0.000499
0.000499
0.000499
0.000499
0.000499
0.000499
0.000499
0.000499
0.000499
0.000499
0.000499
0.000499
0.000499
0.000498
0.000498
0.000498
0.000498
0.000498
0.000498
0.000498
0.000498
0.000498
0.000498
0.000498
0.000498
0.000498
0.000498
0.000498
0.000498
0.000498
0.000498
0.000498
0.000498
0.000498
0.000498
0.000498
0.000498
0.000498
0.000498
0.000498
0.000498
0.000498
0.000497
0.000497
0.000497
0.000497
0.000497
0.000497
0.000497
0.000497
0.000497
0.000497
0.000497
0.000497
0.000497
0.000497
0.000497
0.000497
0.000497
0.000497
0.000497
0.000497
0.000497
0.000497
0.000497
0.000497
0.000497
0.000497
0.000497
0.000497
0.000496
0.000496
0.000496
0.000496
0.000496
0.000496
0.000496
0.000496
0.000496
0.000496
0.000496
0.000496
0.000496
0.000496
0.000496
0.000496
0.000496
0.000496
0.000496
0.000496
0.000496
0.000496
0.000496
0.000496
0.000496
0.000496
0.000496
0.000496
0.000496
0.000495
0.000495
0.000495
0.000495
0.000495
0.000495
0.000495
0.000495
0.000495
0.000495
0.000495
0.000495
0.000495
0.000495
0.000495
0.000495
0.000495
0.000495
0.000495
0.000495
0.000495
0.000495
0.000495
0.000495
0.000495
0.000495
0.000495
0.000495
0.000495
0.000494
0.000494
0.000494
0.000494
0.000494
0.000494
0.000494
0.000494
0.000494
0.000494
0.000494
0.000494
0.000494
0.000494
0.000494
0.000494
0.000494
0.000494
0.000494
0.000494
0.000494
0.000494
0.000494
0.000494
0.000494
0.000494
0.000494
0.000494
0.000494
0.000493
0.000493
0.000493
0.000493
0.000493
0.000493
0.000493
0.000493
0.000493
0.000493
0.000493
0.000493
0.000493
0.000493
0.000493
0.000493
0.000493
0.000493
0.000493
0.000493
0.000493
0.000493
0.000493
0.000493
0.000493
0.000493
0.000493
0.000493
0.000493
0.000492
0.000492
0.000492
0.000492
0.000492
0.000492
0.000492
0.000492
0.000492
0.000492
0.000492
0.000492
0.000492
0.000492
0.000492
0.000492
0.000492
0.000492
0.000492
0.000492
0.000492
0.000492
0.000492
0.000492
0.000492
0.000492
0.000492
0.000492
0.000492
0.000491
0.000491
0.000491
0.000491
0.000491
0.000491
0.000491
0.000491
0.000491
0.000491
0.000491
0.000491
0.000491
0.000491
0.000491
0.000491
0.000491
0.000491
0.000491
0.000491
0.000491
0.000491
0.000491
0.000491
0.000491
0.000491
0.000491
0.000491
0.000491
0.000490
0.000490
0.000490
0.000490
0.000490
0.000490
0.000490
0.000490
0.000490
0.000490
0.000490
0.000490
0.000490
0.000490
0.000490
0.000490
0.000490
0.000490
0.000490
0.000490
0.000490
0.000490
0.000490
0.000490
0.000490
0.000490
0.000490
0.000490
0.000490
0.000489
0.000489
0.000489
0.000489
0.000489
0.000489
0.000489
0.000489
0.000489
0.000489
0.000489
0.000489
0.000489
0.000489
0.000489
0.000489
0.000489
0.000489
0.000489
0.000489
0.000489
0.000489
0.000489
0.000489
0.000489
0.000489
0.000489
0.000489
0.000489
0.000488
0.000488
0.000488
0.000488
0.000488
0.000488
0.000488
0.000488
0.000488
0.000488
0.000488
0.000488
0.000488
0.000488
0.000488
0.000488
0.000488
0.000488
0.000488
0.000488
0.000488
0.000488
0.000488
0.000488
0.000488
0.000488
0.000488
0.000488
0.000488
0.000487
0.000487
0.000487
0.000487
0.000487
0.000487
0.000487
0.000487
0.000487
0.000487
0.000487
0.000487
0.000487
0.000487
0.000487
0.000487
0.000487
0.000487
0.000487
0.000487
0.000487
0.000487
0.000487
0.000487
0.000487
0.000487
0.000487
0.000487
0.000487
0.000487
0.000486
0.000486
0.000486
0.000486
0.000486
0.000486
0.000486
0.000486
0.000486
0.000486
0.000486
0.000486
0.000486
0.000486
0.000486
0.000486
0.000486
0.000486
0.000486
0.000486
0.000486
0.000486
0.000486
0.000486
0.000486
0.000486
0.000486
0.000486
0.000486
0.000485
0.000485
0.000485
0.000485
0.000485
0.000485
0.000485
0.000485
0.000485
0.000485
0.000485
0.000485
0.000485
0.000485
0.000485
0.000485
0.000485
0.000485
0.000485
0.000485
0.000485
0.000485
0.000485
0.000485
0.000485
0.000485
0.000485
0.000485
0.000485
0.000485
0.000484
0.000484
0.000484
0.000484
0.000484
0.000484
0.000484
0.000484
0.000484
0.000484
0.000484
0.000484
0.000484
0.000484
0.000484
0.000484
0.000484
0.000484
0.000484
0.000484
0.000484
0.000484
0.000484
0.000484
0.000484
0.000484
0.000484
0.000484
0.000484
0.000483
0.000483
0.000483
0.000483
0.000483
0.000483
0.000483
0.000483
0.000483
0.000483
0.000483
0.000483
0.000483
0.000483
0.000483
0.000483
0.000483
0.000483
0.000483
0.000483
0.000483
0.000483
0.000483
0.000483
0.000483
0.000483
0.000483
0.000483
0.000483
0.000483
0.000482
0.000482
0.000482
0.000482
0.000482
0.000482
0.000482
0.000482
0.000482
0.000482
0.000482
0.000482
0.000482
0.000482
0.000482
0.000482
0.000482
0.000482
0.000482
0.000482
0.000482
0.000482
0.000482
0.000482
0.000482
0.000482
0.000482
0.000482
0.000482
0.000481
0.000481
0.000481
0.000481
0.000481
0.000481
0.000481
0.000481
0.000481
0.000481
0.000481
0.000481
0.000481
0.000481
0.000481
0.000481
0.000481
0.000481
0.000481
0.000481
0.000481
0.000481
0.000481
0.000481
0.000481
0.000481
0.000481
0.000481
0.000481
0.000481
0.000480
0.000480
0.000480
0.000480
0.000480
0.000480
0.000480
0.000480
0.000480
0.000480
0.000480
0.000480
0.000480
0.000480
0.000480
0.000480
0.000480
0.000480
0.000480
0.000480
0.000480
0.000480
0.000480
0.000480
0.000480
0.000480
0.000480
0.000480
0.000480
0.000480
0.000479
0.000479
0.000479
0.000479
0.000479
0.000479
0.000479
0.000479
0.000479
0.000479
0.000479
0.000479
0.000479
0.000479
0.000479
0.000479
0.000479
0.000479
0.000479
0.000479
0.000479
0.000479
0.000479
0.000479
0.000479
0.000479
0.000479
0.000479
0.000479
0.000479
0.000478
0.000478
0.000478
0.000478
0.000478
0.000478
0.000478
0.000478
0.000478
0.000478
0.000478
0.000478
0.000478
0.000478
0.000478
0.000478
0.000478
0.000478
0.000478
0.000478
0.000478
0.000478
0.000478
0.000478
0.000478
0.000478
0.000478
0.000478
0.000478
0.000478
0.000477
0.000477
0.000477
0.000477
0.000477
0.000477
0.000477
0.000477
0.000477
0.000477
0.000477
0.000477
0.000477
0.000477
0.000477
0.000477
0.000477
0.000477
0.000477
0.000477
0.000477
0.000477
0.000477
0.000477
0.000477
0.000477
0.000477
0.000477
0.000477
0.000477
0.000476
0.000476
0.000476
0.000476
0.000476
0.000476
0.000476
0.000476
0.000476
0.000476
0.000476
0.000476
0.000476
0.000476
0.000476
0.000476
0.000476
0.000476
0.000476
0.000476
0.000476
0.000476
0.000476
0.000476
0.000476
0.000476
0.000476
0.000476
0.000476
0.000476
0.000475
0.000475
0.000475
0.000475
0.000475
0.000475
0.000475
0.000475
0.000475
0.000475
0.000475
0.000475
0.000475
0.000475
0.000475
0.000475
0.000475
0.000475
0.000475
0.000475
0.000475
0.000475
0.000475
0.000475
0.000475
0.000475
0.000475
0.000475
0.000475
0.000475
0.000475
0.000474
0.000474
0.000474
0.000474
0.000474
0.000474
0.000474
0.000474
0.000474
0.000474
0.000474
0.000474
0.000474
0.000474
0.000474
0.000474
0.000474
0.000474
0.000474
0.000474
0.000474
0.000474
0.000474
0.000474
0.000474
0.000474
0.000474
0.000474
0.000474
0.000474
0.000473
0.000473
0.000473
0.000473
0.000473
0.000473
0.000473
0.000473
0.000473
0.000473
0.000473
0.000473
0.000473
0.000473
0.000473
0.000473
0.000473
0.000473
0.000473
0.000473
0.000473
0.000473
0.000473
0.000473
0.000473
0.000473
0.000473
0.000473
0.000473
0.000473
0.000473
0.000472
0.000472
0.000472
0.000472
0.000472
0.000472
0.000472
0.000472
0.000472
0.000472
0.000472
0.000472
0.000472
0.000472
0.000472
0.000472
0.000472
0.000472
0.000472
0.000472
0.000472
0.000472
0.000472
0.000472
0.000472
0.000472
0.000472
0.000472
0.000472
0.000472
0.000471
0.000471
0.000471
0.000471
0.000471
0.000471
0.000471
0.000471
0.000471
0.000471
0.000471
0.000471
0.000471
0.000471
0.000471
0.000471
0.000471
0.000471
0.000471
0.000471
0.000471
0.000471
0.000471
0.000471
0.000471
0.000471
0.000471
0.000471
0.000471
0.000471
0.000471
0.000470
0.000470
0.000470
0.000470
0.000470
0.000470
0.000470
0.000470
0.000470
0.000470
0.000470
0.000470
0.000470
0.000470
0.000470
0.000470
0.000470
0.000470
0.000470
0.000470
0.000470
0.000470
0.000470
0.000470
0.000470
0.000470
0.000470
0.000470
0.000470
0.000470
0.000470
0.000469
0.000469
0.000469
0.000469
0.000469
0.000469
0.000469
0.000469
0.000469
0.000469
0.000469
0.000469
0.000469
0.000469
0.000469
0.000469
0.000469
0.000469
0.000469
0.000469
0.000469
0.000469
0.000469
0.000469
0.000469
0.000469
0.000469
0.000469
0.000469
0.000469
0.000469
0.000468
0.000468
0.000468
0.000468
0.000468
0.000468
0.000468
0.000468
0.000468
0.000468
0.000468
0.000468
0.000468
0.000468
0.000468
0.000468
0.000468
0.000468
0.000468
0.000468
0.000468
0.000468
0.000468
0.000468
0.000468
0.000468
0.000468
0.000468
0.000468
0.000468
0.000468
0.000467
0.000467
0.000467
0.000467
0.000467
0.000467
0.000467
0.000467
0.000467
0.000467
0.000467
0.000467
0.000467
0.000467
0.000467
0.000467
0.000467
0.000467
0.000467
0.000467
0.000467
0.000467
0.000467
0.000467
0.000467
0.000467
0.000467
0.000467
0.000467
0.000467
0.000467
0.000466
0.000466
0.000466
0.000466
0.000466
0.000466
0.000466
0.000466
0.000466
0.000466
0.000466
0.000466
0.000466
0.000466
0.000466
0.000466
0.000466
0.000466
0.000466
0.000466
0.000466
0.000466
0.000466
0.000466
0.000466
0.000466
0.000466
0.000466
0.000466
0.000466
0.000466
0.000465
0.000465
0.000465
0.000465
0.000465
0.000465
0.000465
0.000465
0.000465
0.000465
0.000465
0.000465
0.000465
0.000465
0.000465
0.000465
0.000465
0.000465
0.000465
0.000465
0.000465
0.000465
0.000465
0.000465
0.000465
0.000465
0.000465
0.000465
0.000465
0.000465
0.000465
0.000465
0.000464
0.000464
0.000464
0.000464
0.000464
0.000464
0.000464
0.000464
0.000464
0.000464
0.000464
0.000464
0.000464
0.000464
0.000464
0.000464
0.000464
0.000464
0.000464
0.000464
0.000464
0.000464
0.000464
0.000464
0.000464
0.000464
0.000464
0.000464
0.000464
0.000464
0.000464
0.000464
0.000463
0.000463
0.000463
0.000463
0.000463
0.000463
0.000463
0.000463
0.000463
0.000463
0.000463
0.000463
0.000463
0.000463
0.000463
0.000463
0.000463
0.000463
0.000463
0.000463
0.000463
0.000463
0.000463
0.000463
0.000463
0.000463
0.000463
0.000463
0.000463
0.000463
0.000463
0.000462
0.000462
0.000462
0.000462
0.000462
0.000462
0.000462
0.000462
0.000462
0.000462
0.000462
0.000462
0.000462
0.000462
0.000462
0.000462
0.000462
0.000462
0.000462
0.000462
0.000462
0.000462
0.000462
0.000462
0.000462
0.000462
0.000462
0.000462
0.000462
0.000462
0.000462
0.000462
0.000461
0.000461
0.000461
0.000461
0.000461
0.000461
0.000461
0.000461
0.000461
0.000461
0.000461
0.000461
0.000461
0.000461
0.000461
0.000461
0.000461
0.000461
0.000461
0.000461
0.000461
0.000461
0.000461
0.000461
0.000461
0.000461
0.000461
0.000461
0.000461
0.000461
0.000461
0.000461
0.000460
0.000460
0.000460
0.000460
0.000460
0.000460
0.000460
0.000460
0.000460
0.000460
0.000460
0.000460
0.000460
0.000460
0.000460
0.000460
0.000460
0.000460
0.000460
0.000460
0.000460
0.000460
0.000460
0.000460
0.000460
0.000460
0.000460
0.000460
0.000460
0.000460
0.000460
0.000460
0.000459
0.000459
0.000459
0.000459
0.000459
0.000459
0.000459
0.000459
0.000459
0.000459
0.000459
0.000459
0.000459
0.000459
0.000459
0.000459
0.000459
0.000459
0.000459
0.000459
0.000459
0.000459
0.000459
0.000459
0.000459
0.000459
0.000459
0.000459
0.000459
0.000459
0.000459
0.000459
0.000459
0.000458
0.000458
0.000458
0.000458
0.000458
0.000458
0.000458
0.000458
0.000458
0.000458
0.000458
0.000458
0.000458
0.000458
0.000458
0.000458
0.000458
0.000458
0.000458
0.000458
0.000458
0.000458
0.000458
0.000458
0.000458
0.000458
0.000458
0.000458
